[37.15141612 51.64107926 42.15311992 28.76211791 49.99667908 39.69087612
 48.31497166 43.44442067 46.02301492 46.82919645 50.21137925 52.30812524
 47.24962742 51.98164234 43.22731565 49.52694795 43.17044823 54.28360834
 48.65534865 49.9430346  43.98438428 47.17419542 45.30986621 56.5262048
 56.86754098 35.64974581 44.63091183 50.84093923 39.17927729 51.60464067
 32.38946267 42.58394523 49.77182545 48.54291321 39.02324387 35.84996369
 50.80705794 56.40095816 55.12466508 37.78540901 45.57266587 49.3729202
 50.0255669  40.01910155 38.87604701 43.8518837  41.32496609 36.7078669
 52.62146633 30.42468291 48.17368425 47.61410104 53.02760678 47.1385503
 30.62218352 50.5205697  41.41863025 54.81160008 43.41788853 41.77084916
 36.2674965  39.49111713 53.20037102 45.12547434 50.83949882 49.35611729
 46.50607122 38.44376728 43.64764768 49.09449386 49.396113   44.26519677
 44.77233479 26.8763397  51.25924575 43.60903864 47.20000956 40.66977212
 56.06566422 41.12026928 45.39496951 47.79664422 56.46666851 47.75598766
 48.75558058 40.77958428 38.83910382 39.97467475 54.4855269  39.59475403
 41.71096508 46.92814359 54.81837283 49.39164099 48.29967753 53.35751201
 33.82357826 48.0334525  48.15787626 29.76517385]